565
442
415
503
27
781
537
354
81
48
891
810
77
493
616
463
888
60
832
764
498
568
169
176
255
468
564
638
72
116
518
604
674
688
485
625
808
636
551
5
533
246
490
723
379
561
12
349
558
949
131
727
155
818
413
166
76
101
566
444
536
703
704
639
863
586
339
141
449
782
841
756
390
139
397
820
343
542
518
130
348
824
409
919
904
913
900
759
767
410
714
406
902
623
225
71
375
476
998
202
927
723
321
12
893
352
847
928
898
257
664
733
623
414
412
742
646
985
82
30
1
617
409
187
674
438
860
337
930
23
336
211
19
173
722
427
485
608
744
634
687
372
287
925
684
839
959
589
762
130
863
474
150
919
233
327
758
412
142
926
671
14
244
505
69
14
345
285
410
1000
747
549
208
353
900
670
910
165
941
556
722
130
205
629
52
559
90
60
907
403
371
299
77
292
707
54
534
229
698
322
360
856
74
615
781
7
678
827
568
675
415
872
452
181
656
188
316
809
92
453
601
212
755
713
556
348
867
93
213
997
44
519
936
131
851
44
439
339
407
690
365
206
38
364
2
536
823
76
969
184
850
948
765
494
232
626
383
29
112
621
609
205
707
964
822
654
88
101
434
816
625
248
363
909
961
925
367
76
647
151
560
31
595
325
407
872
967
69
307
513
197
454
120
826
674
881
213
672
715
337
594
50
832
622
334
505
22
320
290
752
135
519
178
901
803
411
42
548
929
872
278
643
662
657
339
685
265
368
658
300
667
549
27
717
69
691
143
242
591
805
585
63
629
465
933
312
687
427
370
48
355
612
362
638
951
502
116
487
348
664
271
114
941
3
548
401
19
325
524
371
125
708
228
110
784
698
366
296
320
822
47
460
757
74
53
393
360
395
535
726
930
510
36
415
1000
30
909
994
24
504
87
283
103
692
910
244
400
406
655
146
389
236
657
834
761
82
506
301
994
433
186
199
39
266
721
466
397
753
234
7
437
780
33
128
130
836
890
205
674
635
849
83
626
209
612
100
277
231
613
935
256
273
925
496
356
542
85
823
628
302
808
480
131
984
968
986
117
388
2
45
340
276
554
585
495
639
334
179
132
209
926
19
77
209
433
786
468
334
681
309
983
340
82
555
382
121
372
600
105
552
152
689
501
668
637
395
35
143
360
770
434
486
469
761
383
191
890
886
569
587
805
981
260
818
158
19
958
261
835
812
766
900
198
601
741
72
980
356
158
465
205
826
782
99
146
569
157
672
140
470
213
258
666
838
859
347
858
166
949
831
607
614
219
229
262
909
762
400
461
856
665
601
404
911
649
359
243
96
532
294
426
398
158
155
424
273
718
935
784
38
551
548
277
671
681
815
293
536
813
21
658
822
780
647
179
203
714
296
463
110
369
461
789
903
330
501
783
840
259
839
889
231
570
565
17
797
554
574
744
104
534
66
387
782
78
388
87
357
548
608
713
178
66
18
593
15
995
672
902
526
144
147
912
344
979
241
51
379
179
817
423
611
630
275
301
218
661
507
736
269
35
84
429
415
778
550
226
125
652
380
751
364
156
392
306
287
549
589
176
567
303
929
763
793
151
396
101
679
681
323
658
535
839
697
588
567
391
831
78
523
5
10
777
195
772
862
702
536
291
670
540
350
987
228
151
645
530
759
334
421
869
256
105
905
964
618
953
974
388
365
126
483
19
386
657
371
739
691
263
702
519
481
896
982
855
789
655
335
552
320
960
646
481
848
120
376
18
822
43
206
235
715
677
697
773
354
587
763
725
841
954
776
35
363
472
34
191
626
208
438
27
594
900
84
29
810
391
810
516
229
465
568
75
207
829
430
599
89
834
698
807
199
406
41
742
784
640
759
854
936
215
179
81
436
670
449
487
694
587
260
332
830
248
188
445
415
301
831
139
497
397
715
458
625
300
199
432
410
990
581
800
726
794
23
702
24
559
21
742
385
333
818
634
944
547
376
819
439
270
713
937
630
241
803
154
110
229
53
821
363
340
462
800
622
954
957
400
524
435
494
828
253
301
488
66
423
870
236
647
561
516
580
516
733
262
791
273
284
555
935
19
865
888
953
983
200
433
767
809
814
391
817
714
224
34
9
211
652
606
76
233
284
589
642
668
737
160
418
488
539
576
468
745
354
626
244
526
372
373
599
408
618
701
264
847
909
3
913
723
891
478
708
259
974
640
377
108
741
810
756
804
128
658
911
344
186
909
285
124
514
582
124
687
628
866
250
119
772
609
672
463
220
937
189
19
584
345
238
443
661
840
343
846
553
288
758
976
632
646
189
733
151
296
843
927
943
51
801
317
72
236
355
992
120
904
250
927
910
911
775
607
566
104
357
467
270
259
601
859
893
464
976
536
195
449
363
986
565
324
372
985
774
218
440
704
457
61
965
815
353
952
107
857
554
763
266
11
103
205
64
336
854
57
421
838
588
120
945
363
834
59
862
871
385
213
150
402
238
859
308
439
179
676
233
972
78
424
48
957
180
423
209
669
39
357
810
686
283
548
395
517
421
372
616
395
47
346
286
774
404
981
828
695
523
38
290
614
635
983
754
201
986
397
82
147
662
963
756
970
176
813
265
625
994
890
513
795
831
650
351
805
35
929
212
861
946
293
400
317
51
334
449
29
505
893
680
506
758
389
834
804
483
791
256
946
699
753
315
622
336
638
732
935
71
406
953
626
538
20
524
281
418
792
539
245
368
10
183
850
475
672
170
83
249
713
206
686
109
558
356
647
157
104
225
445
404
709
202
337
643
725
423
543
679
770
445
278
376
573
78
835
175
589
233
386
20
182
320
8
439
400
403
132
174
270
786
180
177
962
861
498
676
750
853
667
991
973
477
508
249
126
804
742
560
463
402
17
419
267
731
497
432
532
402
378
363
503
742
726
131
614
436
484
663
975
552
724
87
797
213
887
901
794
908
603
162
165
292
337
384
260
415
638
645
118
906
508
993
270
724
873
479
162
520
955
907
829
871
689
488
3
452
363
176
748
151
300
309
529
23
587
584
200
382
160
487
925
934
334
98
456
537
305
90
15
610
854
852
141
831
165
173
336
723
436
374
106
548
854
320
650
823
72
65
992
101
45
905
143
997
581
167
518
198
267
976
404
928
25
463
821
621
976
619
238
661
903
287
810
693
896
451
303
721
470
264
767
14
575
100
424
423
252
674
609
600
182
85
381
212
424
175
158
588
509
313
647
345
889
855
106
713
54
576
614
150
878
41
725
458
73
127
373
302
304
949
508
231
580
420
550
791
263
431
737
164
774
621
314
772
447
150
935
100
612
814
307
896
667
36
25
480
112
646
713
503
927
673
569
638
918
348
401
561
528
391
957
141
452
740
12
689
369
189
77
874
486
172
155
530
780
500
976
702
956
107
642
964
832
730
795
332
417
521
690
316
289
647
238
815
262
65
336
450
318
452
939
372
140
901
848
333
92
783
430
403
960
684
673
202
621
320
913
73
869
44
502
816
941
675
519
688
57
336
930
433
314
630
757
331
85
149
723
619
937
747
626
230
971
395
792
81
411
90
12
1
862
770
978
879
772
939
365
231
321
438
848
395
593
406
720
955
851
223
788
140
773
327
70
639
516
947
101
696
552
125
324
865
310
8
725
964
60
217
581
740
270
821
601
133
894
59
148
373
811
23
543
685
401
209
996
762
175
540
490
514
371
122
777
647
343
767
649
446
757
436
856
221
31
457
88
220
4
408
501
892
485
535
22
836
883
688
58
966
450
585
708
470
935
98
434
467
309
27
877
511
994
907
600
88
642
773
570
936
185
352
868
41
450
545
318
418
891
70
492
633
596
628
732
915
165
922
728
37
902
109
172
986
289
905
985
235
335
45
399
55
781
89
163
200
763
679
871
900
572
326
433
688
848
219
953
292
115
945
975
90
527
476
851
81
463
14
117
289
981
851
429
885
812
262
900
300
312
79
836
78
92
500
346
219
708
620
601
451
661
98
912
270
125
153
569
350
177
293
111
3
825
873
619
644
228
701
444
954
258
49
84
330
173
536
121
815
905
598
950
47
869
723
418
810
134
446
920
777
135
721
147
828
231
547
196
609
611
90
195
923
52
46
876
186
61
272
85
605
448
682
462
76
988
644
962
179
734
993
444
838
458
744
138
86
896
623
142
401
638
578
628
808
302
69
87
761
894
837
271
268
30
504
646
574
718
215
83
901
91
625
62
35
74
669
859
893
671
243
417
125
295
972
691
117
691
89
893
288
246
833
703
956
701
145
508
257
659
809
656
899
726
849
752
896
142
110
979
734
189
663
49
532
957
371
663
396
585
376
713
399
71
986
659
891
871
290
527
53
840
295
469
867
978
59
323
192
868
530
15
301
56
255
856
353
269
787
311
197
485
842
566
2
492
76
5
240
627
968
256
987
993
992
486
769
865
635
443
207
428
830
686
650
315
894
790
730
518
615
846
804
183
106
981
296
301
915
286
814
53
663
646
612
624
446
950
794
192
471
373
9
556
399
774
230
156
877
80
809
744
525
683
190
114
535
960
652
324
642
657
613
516
399
796
327
307
502
20
655
325
245
939
15
498
34
658
64
884
27
771
564
773
485
150
362
957
844
582
768
680
23
452
527
779
498
852
385
796
401
75
560
552
783
159
439
921
889
765
690
885
673
237
989
413
798
637
268
78
254
197
867
961
241
763
966
541
878
272
19
375
802
301
113
979
138
327
885
776
810
630
991
230
892
946
885
424
924
212
837
110
994
207
209
1
399
780
291
898
462
7
400
168
220
673
912
356
767
932
972
910
302
782
425
758
547
256
112
219
552
867
239
922
489
226
46
38
882
373
440
99
315
190
640
206
581
650
111
921
752
461
63
510
791
922
245
19
38
593
960
29
914
845
438
13
325
416
813
21
242
848
11
875
55
729
742
692
62
882
888
416
61
662
262
55
157
325
718
771
572
365
433
328
228
686
766
229
195
983
350
825
760
298
885
720
102
861
602
419
952
940
937
409
708
159
274
915
842
700
656
66
322
870
411
892
15
823
588
509
826
50
494
659
26
570
199
473
957
33
881
807
644
86
123
178
861
763
588
985
773
898
429
855
726
393
41
202
645
970
812
535
13
392
28
169
996
599
200
936
733
452
258
868
509
340
922
353
411
36
223
178
752
241
620
187
376
138
471
151
689
334
868
607
254
403
841
669
580
246
360
730
755
747
36
492
481
644
501
665
257
922
287
570
639
150
873
540
639
531
147
182
174
672
46
64
511
245
324
583
841
836
900
951
380
986
956
746
869
507
374
397
270
328
291
63
635
918
89
762
316
395
411
298
53
834
44
565
107
168
600
898
856
895
716
866
397
516
236
478
895
230
569
330
968
811
826
242
340
943
799
798
68
95
462
54
796
301
76
393
706
592
852
666
203
865
684
703
566
717
272
659
208
52
823
172
546
29
6
834
206
615
594
616
578
565
82
554
970
265
269
530
953
510
166
640
867
790
376
541
858
301
116
906
246
843
485
658
561
816
177
286
384
70
54
198
506
7
239
122
295
475
981
77
239
135
89
242
413
560
605
909
150
542
730
167
824
718
605
801
489
255
655
473
968
71
53
413
51
322
9
854
458
85
322
788
678
430
16
415
678
252
256
930
631
552
732
963
79
766
124
267
679
2
550
457
668
657
251
240
561
972
274
348
962
9
531
221
900
189
713
259
998
299
337
150
8
405
247
403
13
536
721
729
166
689
895
116
119
13
766
226
795
648
848
680
956
158
347
744
28
345
836
236
37
496
819
124
390
38
821
272
380
939
720
601
560
556
283
972
679
440
816
13
957
840
707
22
812
685
492
944
970
820
140
618
442
241
115
88
974
183
570
346
430
363
295
712
975
340
490
449
708
409
8
405
857
273
438
494
238
907
762
854
852
777
347
355
440
657
677
244
297
251
450
204
54
936
483
441
499
733
608
189
497
124
103
80
451
785
777
848
334
993
58
168
730
603
987
434
82
577
118
619
625
202
778
455
129
366
828
841
848
79
262
530
24
247
837
774
107
768
16
945
155
884
41
199
534
781
580
808
200
842
532
118
578
495
103
37
745
834
745
713
577
515
926
347
282
468
260
340
602
976
643
35
709
468
366
427
96
237
456
681
624
864
830
810
663
269
265
48
48
540
435
845
309
331
284
611
995
442
16
991
839
141
145
435
351
549
370
121
744
49
741
591
298
689
824
219
260
734
276
571
698
214
709
759
239
656
264
478
933
723
6
324
715
839
981
732
717
45
848
443
538
729
701
491
26
123
649
694
777
514
279
514
752
357
738
495
777
64
6
557
463
162
908
392
780
338
518
738
288
609
411
531
639
362
741
126
16
572
760
903
853
62
833
476
755
179
310
762
9
124
878
346
688
644
205
724
803
459
361
554
240
515
241
814
878
211
958
368
27
8
497
99
684
331
268
421
694
77
562
234
604
93
987
624
662
86
611
904
80
229
732
369
785
58
376
402
811
692
651
675
510
380
41
576
28
496
927
115
167
339
522
352
582
527
743
762
461
366
811
330
146
809
32
150
76
220
569
664
841
349
682
934
984
574
204
751
604
875
629
103
262
510
605
856
274
521
821
289
162
72
704
251
526
140
100
422
269
280
141
51
233
17
962
639
431
115
695
549
52
867
955
995
990
959
160
384
40
958
892
916
512
31
419
925
900
821
443
581
943
527
559
141
124
444
935
179
326
913
459
900
602
901
237
555
789
717
505
67
836
634
923
606
455
548
973
37
645
892
409
71
345
293
318
30
668
519
320
274
927
452
422
570
902
285
110
72
13
320
328
7
339
22
769
76
683
568
453
386
682
367
718
968
985
28
155
756
145
938
897
201
317
758
814
815
410
991
727
598
749
508
57
709
4
651
731
878
499
595
852
206
450
524
753
853
763
401
73
783
413
279
106
114
162
556
346
787
341
912
90
754
706
357
344
718
642
155
579
428
555
150
928
249
886
148
613
383
298
531
873
247
402
936
358
602
506
910
369
356
996
660
782
102
158
945
321
970
174
526
256
731
599
628
594
162
462
961
664
116
696
878
189
290
571
613
278
213
466
176
266
82
253
629
150
414
595
318
87
428
399
40
527
329
464
861
137
831
297
488
13
503
488
357
688
11
123
327
94
359
752
184
471
402
880
388
861
287
301
77
778
290
348
795
5
583
75
412
696
553
127
23
420
361
431
868
734
132
658
735
559
933
458
518
297
847
977
876
334
738
514
293
706
171
770
955
627
166
157
555
778
778
453
769
121
143
43
390
61
41
437
330
729
206
806
795
551
202
186
177
487
679
400
651
901
675
31
149
303
132
891
865
579
57
396
676
687
672
975
140
754
287
926
318
292
52
255
202
166
718
9
266
792
747
480
165
587
773
369
11
422
53
611
404
745
632
27
604
413
395
837
592
947
451
149
832
509
573
689
360
34
483
243
350
679
78
660
380
300
507
235
825
122
784
687
118
994
980
643
439
583
118
192
18
318
395
446
864
854
153
213
311
789
999
473
806
620
75
970
844
185
300
912
918
787
498
620
881
710
880
566
694
661
774
368
308
748
642
325
810
878
333
610
717
961
13
659
254
269
744
90
232
154
568
337
847
637
942
513
791
376
363
869
756
183
566
165
156
674
690
562
607
15
65
208
784
63
652
860
941
903
152
145
822
61
943
766
228
70
283
921
915
253
767
899
390
291
975
839
280
88
102
358
228
549
796
152
966
65
398
908
91
80
921
313
459
153
589
590
409
167
605
939
512
172
983
31
964
445
846
947
383
988
62
614
54
485
15
63
950
268
559
425
268
446
701
39
212
77
176
199
852
364
140
38
858
999
389
354
342
263
514
140
503
91
659
889
274
49
724
150
569
830
22
921
579
901
30
220
292
101
988
165
541
753
610
144
602
56
564
624
316
118
800
167
243
360
267
402
981
612
907
899
61
88
706
638
355
809
97
219
659
636
309
869
315
184
760
121
737
986
490
480
476
603
176
402
438
740
605
41
762
900
658
875
690
842
659
663
599
263
782
712
272
315
41
655
510
188
582
923
453
712
245
453
401
713
669
81
154
551
195
565
533
489
189
345
511
701
798
977
53
957
857
635
793
541
109
302
873
245
410
981
416
624
122
423
326
240
274
244
798
339
101
63
91
787
308
14
942
85
699
997
755
84
159
591
881
575
762
242
388
997
107
361
621
867
791
107
557
940
718
576
961
312
566
424
925
154
563
790
894
577
652
190
25
891
255
764
908
78
133
91
168
754
370
896
444
293
684
201
842
846
486
945
178
908
204
967
129
164
643
924
741
774
43
893
792
21
827
331
988
390
124
27
520
50
330
374
529
506
559
154
928
606
709
506
478
47
318
843
725
253
97
355
106
441
271
416
835
257
464
649
190
926
722
839
48
575
601
717
603
922
159
853
353
983
820
100
758
702
746
421
710
738
660
103
61
177
164
682
752
964
50
915
368
345
110
295
251
244
40
655
45
52
530
744
701
660
306
323
426
410
51
945
541
479
458
455
420
97
655
929
745
272
821
31
646
44
870
874
467
549
889
760
248
975
370
863
550
406
8
106
343
227
507
762
627
192
492
732
118
197
33
323
843
218
884
353
138
580
865
538
457
976
957
611
473
42
818
926
90
561
893
997
662
886
884
138
937
797
624
184
5
215
315
846
76
55
217
509
592
312
934
661
583
749
869
80
334
924
549
171
767
701
251
289
901
599
820
29
798
190
995
932
862
68
302
325
573
52
372
624
289
430
512
457
973
742
967
771
237
8
731
182
558
640
966
468
869
826
388
472
286
312
416
698
356
4
218
397
149
144
395
987
550
834
810
303
931
271
724
943
770
506
142
713
281
215
557
955
600
631
869
557
932
711
547
762
392
26
443
395
786
773
296
282
868
227
736
272
331
592
522
148
35
936
813
787
843
914
154
54
245
152
530
830
707
10
842
396
930
44
175
412
208
922
817
647
277
683
594
621
512
415
821
106
248
134
246
316
588
273
851
794
461
483
945
842
578
7
549
744
377
203
674
274
69
999
582
436
875
683
466
421
359
475
676
697
467
117
228
932
901
104
983
317
751
398
515
393
445
239
128
770
601
167
571
661
577
769
970
745
252
412
65
570
4
306
645
708
69
286
105
564
242
664
537
348
428
823
359
511
392
383
557
73
364
236
360
791
950
103
765
984
515
111
855
650
38
873
887
124
349
450
849
28
185
364
11
379
450
299
383
766
509
999
466
839
722
665
532
505
276
300
222
791
836
192
563
404
819
935
232
333
259
695
502
484
702
318
63
967
200
193
915
902
67
477
691
457
765
478
874
369
913
324
37
622
62
388
458
231
443
798
845
716
57
82
812
978
157
408
604
205
118
395
719
503
696
101
807
340
199
800
1000
407
167
130
641
740
457
940
690
939
780
400
292
800
174
615
675
319
312
472
302
266
686
464
510
964
287
396
142
152
317
654
340
613
483
998
843
500
63
341
322
892
547
668
163
752
171
41
525
207
625
682
508
431
822
389
980
129
920
992
787
299
287
100
727
352
327
526
695
905
582
405
276
735
416
681
573
858
391
66
307
920
175
958
824
353
272
369
956
997
943
112
308
109
263
492
401
903
989
973
331
622
224
158
901
564
794
840
974
313
785
39
742
687
613
999
609
349
429
393
57
239
750
273
797
188
36
850
479
542
131
505
356
268
627
992
500
185
417
172
934
859
54
910
926
310
655
305
452
443
473
776
311
522
998
292
841
604
961
308
222
408
935
749
502
82
930
263
484
411
992
473
449
208
261
564
484
347
954
853
651
603
560
803
467
239
596
119
121
367
585
955
397
42
442
994
631
279
481
49
178
780
656
456
481
435
616
471
41
178
559
377
925
245
411
599
859
654
735
143
824
95
948
542
505
502
43
685
243
412
304
40
423
757
741
655
259
589
657
133
186
749
894
876
419
760
199
752
637
807
570
406
354
970
387
324
680
654
495
453
636
145
437
924
392
733
715
391
673
180
219
452
739
364
65
517
945
677
167
28
270
287
284
736
127
983
282
171
688
203
409
93
131
316
957
502
266
489
674
99
109
212
179
56
230
66
474
621
282
322
323
726
551
510
910
21
345
831
745
655
230
937
656
682
891
51
363
136
92
947
158
734
270
211
944
885
752
395
692
893
284
771
731
860
590
637
953
529
981
213
89
585
511
112
477
182
669
269
727
605
359
482
598
37
724
585
995
980
667
878
256
920
94
623
697
877
421
944
783
956
308
439
844
857
447
108
157
622
767
847
748
118
265
157
15
398
450
195
401
323
162
960
473
230
278
646
810
990
411
431
672
278
393
308
939
645
966
367
877
661
206
505
845
537
25
934
65
728
252
361
180
614
627
739
111
624
298
45
103
73
476
255
450
388
578
867
330
600
495
919
789
340
199
225
331
329
342
749
454
736
774
419
635
564
453
386
960
800
423
436
175
934
695
627
855
741
860
338
828
334
619
289
809
372
138
80
897
914
284
360
746
826
423
617
435
126
903
311
126
219
749
214
364
914
671
265
536
601
488
608
319
937
727
201
584
628
284
832
957
724
167
134
487
248
651
458
696
517
770
860
263
612
476
56
575
753
558
708
435
958
142
942
297
511
276
462
550
483
419
401
596
102
670
329
903
413
685
944
320
527
858
281
368
660
89
540
597
453
95
858
368
84
472
995
854
840
150
912
542
61
242
538
803
360
552
248
219
864
209
140
873
468
141
212
871
563
797
138
461
813
956
427
495
408
822
672
359
450
154
352
139
545
619
412
387
719
53
358
993
471
362
340
716
178
318
515
624
868
623
390
259
141
537
417
679
226
10
496
419
930
336
573
544
414
569
22
880
368
304
120
81
415
880
495
61
457
450
705
835
610
533
603
927
442
556
209
43
608
158
999
664
212
206
837
462
570
745
379
609
161
420
868
856
494
815
515
203
860
206
611
69
794
790
184
727
622
740
695
491
225
322
272
154
97
640
820
554
194
21
963
860
628
77
725
218
867
646
311
651
259
910
685
897
581
713
611
535
774
46
114
836
130
668
582
261
942
583
842
208
508
1
893
544
68
536
703
161
995
951
771
728
509
284
423
725
676
945
793
12
349
720
314
503
442
320
37
536
373
88
240
729
456
125
261
692
474
62
630
815
829
337
790
612
857
626
277
595
368
22
120
633
774
792
554
243
411
725
449
354
965
657
417
913
195
706
538
986
165
455
532
981
265
714
784
992
5
206
138
131
960
888
52
411
860
306
769
37
53
325
400
313
855
700
727
103
102
443
37
332
884
58
75
777
95
587
426
604
369
820
372
128
528
360
601
954
990
181
605
733
629
24
540
558
305
676
118
36
261
717
589
124
267
688
622
528
142
562
698
792
571
102
384
174
685
151
303
786
469
464
99
138
951
52
319
587
121
819
549
1
697
285
309
382
856
220
471
297
718
598
494
526
581
367
495
611
60
464
429
912
233
159
748
821
20
482
475
195
750
222
94
335
262
280
714
41
503
28
111
578
314
954
189
74
276
614
225
232
803
655
311
318
335
794
657
467
929
732
922
784
592
796
614
773
688
698
779
602
593
310
822
396
605
31
367
47
632
111
35
581
107
216
440
686
530
529
887
892
571
346
459
371
66
494
901
747
628
64
16
987
268
916
898
848
876
811
231
18
897
722
650
530
679
52
786
137
124
130
689
567
450
295
513
536
263
251
142
997
565
200
632
178
668
536
385
936
204
10
487
315
417
904
169
584
10
82
26
240
153
564
154
680
393
297
627
645
82
71
921
451
286
395
250
240
168
88
413
681
671
105
332
331
801
478
989
401
960
926
242
128
744
854
540
741
318
581
464
227
527
317
669
192
97
59
284
682
794
367
902
670
24
337
387
877
45
183
115
445
643
535
478
757
364
126
994
279
55
758
974
367
56
359
320
321
56
159
788
676
764
712
564
850
927
246
305
149
948
698
657
229
991
91
461
518
3
879
228
969
912
54
687
710
389
533
713
141
638
433
950
605
939
136
280
454
601
411
926
653
204
781
968
883
46
764
602
782
4
161
87
166
337
691
229
20
314
791
699
990
462
475
311
705
19
222
264
139
854
22
330
705
585
328
73
185
421
133
308
538
804
336
125
544
281
93
206
46
43
492
572
631
61
641
666
245
198
154
96
445
455
844
9
608
703
671
538
52
484
308
4
937
65
194
825
845
424
712
311
312
389
732
471
651
126
821
554
459
367
615
902
724
592
420
447
130
358
579
295
973
179
765
893
421
429
999
775
693
238
582
139
380
467
10
470
124
715
903
557
920
292
551
902
344
601
843
187
26
109
544
59
931
652
584
374
879
617
203
806
899
770
842
121
433
712
479
245
324
186
884
746
729
773
84
656
835
363
745
978
924
777
852
753
647
727
722
501
101
503
720
258
176
145
115
29
665
186
1
203
745
388
757
813
172
685
353
20
431
274
901
460
961
66
189
809
268
703
105
916
714
110
143
191
703
128
695
579
818
158
791
398
783
55
866
636
15
864
146
190
81
251
359
589
854
646
226
998
103
674
244
256
675
817
144
420
567
614
794
5
990
189
209
630
577
502
953
482
102
871
694
549
226
895
41
128
876
171
783
127
463
464
512
895
267
198
416
89
861
734
989
19
476
501
5
10
574
89
21
392
703
286
755
413
932
365
520
664
161
24
68
649
910
586
960
909
662
609
515
985
300
491
713
162
756
15
958
842
563
403
902
904
395
764
838
845
990
492
766
505
489
19
916
225
380
321
716
401
481
730
648
935
241
840
404
12
668
207
80
213
175
70
887
38
607
841
930
708
608
26
258
861
69
308
60
861
583
377
527
903
922
230
664
392
409
819
271
564
99
123
190
655
939
798
662
886
692
578
556
476
171
132
209
55
289
640
151
336
725
595
283
945
722
258
272
609
742
124
730
54
128
662
828
168
998
479
641
632
866
72
399
215
2
294
389
867
895
732
810
212
286
24
511
703
464
849
84
895
299
716
194
333
64
692
589
518
703
653
47
441
138
920
767
390
737
886
34
533
73
400
104
486
212
443
516
529
848
900
635
678
627
243
311
153
283
701
363
449
647
564
736
360
520
804
601
668
318
789
533
30
709
589
641
718
743
881
925
278
857
708
19
236
611
928
463
197
266
772
156
451
314
789
753
434
609
865
989
38
858
126
55
225
130
355
830
660
511
632
997
221
833
940
347
880
550
434
280
766
806
946
548
671
565
937
440
947
524
954
687
382
554
954
964
894
435
886
19
397
58
601
725
83
97
388
351
625
775
116
526
145
400
296
453
350
644
17
343
897
993
295
881
656
343
449
910
94
392
152
74
647
305
807
922
886
500
322
596
581
429
336
804
397
496
529
815
729
941
605
497
33
333
770
785
410
957
541
3
583
354
359
672
545
406
247
536
481
336
798
669
522
798
164
930
597
269
996
706
721
569
219
75
741
220
373
207
257
995
611
905
403
536
796
574
40
491
56
713
852
142
401
737
679
179
672
758
110
197
782
137
229
266
82
519
484
431
913
666
344
510
166
768
396
67
742
21
125
38
954
972
435
845
750
112
521
196
171
594
645
291
796
155
865
224
915
65
832
845
767
783
190
108
766
188
666
479
862
640
362
240
400
631
815
760
189
185
1000
927
579
694
475
551
990
253
480
815
116
535
362
182
957
64
116
862
30
701
63
960
384
336
123
904
93
997
904
2
173
996
21
211
93
346
23
235
224
778
18
73
712
837
957
339
69
575
490
735
858
440
608
598
206
493
550
977
282
27
980
289
770
623
85
515
664
466
354
811
482
954
513
842
161
557
314
706
392
795
807
327
667
342
590
631
36
219
942
379
935
333
581
560
620
934
661
642
177
484
146
499
172
737
75
308
515
874
167
475
676
4
237
68
833
391
317
410
342
894
829
641
384
789
99
292
80
175
50
777
653
953
730
952
51
292
837
332
666
401
561
267
328
45
644
208
655
279
938
247
64
466
561
175
847
431
269
604
549
468
887
812
851
392
567
631
976
123
930
604
377
560
308
444
487
878
690
464
560
230
651
620
735
971
978
788
190
542
215
389
799
646
639
15
624
532
694
770
729
353
776
835
323
521
256
809
348
783
986
182
917
313
615
263
666
681
709
388
389
956
681
224
663
649
505
138
828
700
99
541
153
226
601
795
134
797
158
848
800
80
148
275
63
961
866
674
408
643
858
923
41
263
80
653
118
743
360
987
130
224
794
931
400
680
978
455
501
161
114
950
574
18
545
519
881
782
460
370
301
608
67
741
397
895
32
502
854
235
692
71
867
859
255
522
908
30
947
961
112
539
657
11
480
52
713
432
917
10
755
783
809
936
373
445
239
249
23
766
53
99
954
886
674
236
300
471
570
582
678
980
208
287
833
287
461
428
148
120
369
393
433
429
354
277
953
217
1
917
80
936
109
162
341
889
555
664
862
282
541
859
472
119
897
322
611
637
223
178
131
887
273
609
31
691
454
68
46
482
479
677
374
445
151
600
166
627
347
280
631
937
929
422
539
980
244
212
86
58
489
924
87
184
690
355
600
575
990
473
339
24
634
218
893
989
254
554
116
629
369
620
647
872
672
152
464
926
850
244
779
348
977
966
346
881
21
537
180
313
917
696
860
335
361
714
998
896
730
578
891
920
401
2
6
497
862
932
618
395
575
383
783
516
500
329
152
874
880
640
424
823
308
758
857
638
525
749
717
280
804
759
816
420
251
287
256
691
594
494
465
472
452
837
205
65
416
589
606
767
385
428
548
427
116
379
478
421
724
403
409
566
170
361
516
736
704
805
132
708
208
804
482
745
202
667
643
812
447
209
878
826
577
247
608
926
623
52
202
407
58
871
864
936
620
540
203
827
885
360
808
274
630
413
625
269
927
8
518
380
434
15
898
305
750
142
161
377
952
512
543
354
912
284
509
685
979
848
676
468
628
264
383
865
96
943
829
960
598
496
423
7
964
240
833
698
160
522
703
519
775
970
641
500
119
344
236
700
743
126
103
198
311
92
842
519
531
61
413
445
902
371
150
982
171
492
497
830
64
257
968
403
983
36
459
639
447
637
466
867
888
683
605
95
86
521
430
923
751
631
454
772
919
40
127
885
772
602
183
733
552
58
237
106
357
452
823
566
252
375
435
8
171
674
231
599
857
602
524
920
857
486
129
518
786
980
86
4
258
595
874
680
307
625
387
956
420
219
193
506
828
448
514
775
813
794
893
385
57
490
226
590
917
70
515
727
1
193
281
891
640
414
544
749
64
566
586
501
166
196
878
635
724
388
729
372
813
166
385
313
727
978
621
45
864
405
842
96
836
360
828
577
881
647
382
242
95
633
792
465
335
85
316
467
955
440
489
435
498
684
716
480
543
199
129
422
539
373
375
256
397
148
347
16
355
160
501
303
777
138
661
510
619
595
748
808
347
274
49
329
142
393
315
740
138
968
281
157
863
109
719
769
327
814
711
521
954
834
96
22
566
798
994
422
439
477
35
280
131
526
763
501
653
849
233
398
458
675
104
942
459
324
207
100
461
307
929
330
800
207
420
312
201
631
783
247
112
834
33
182
323
914
855
453
396
329
504
402
478
52
624
667
799
665
133
378
91
458
593
278
218
37
72
645
4
198
136
695
349
301
480
929
544
570
271
704
298
312
380
554
917
861
745
653
505
308
501
437
451
488
357
860
298
227
313
274
783
971
127
185
625
188
288
816
952
191
140
189
928
668
251
612
442
608
704
907
156
522
629
179
840
452
426
925
919
422
500
41
829
796
659
88
468
31
450
485
784
916
912
334
893
26
639
67
562
755
370
983
736
374
628
984
381
550
70
861
101
193
642
658
356
340
925
965
356
481
865
768
793
503
906
140
145
196
910
764
573
609
141
637
829
436
731
608
864
40
556
220
962
316
693
758
285
319
950
882
848
227
405
790
423
910
96
172
369
489
577
468
184
238
570
350
755
887
635
697
964
654
587
220
214
89
560
539
729
813
743
646
900
265
759
89
947
895
593
550
769
397
338
93
436
321
874
807
588
848
850
44
494
405
598
616
913
34
338
893
525
292
804
179
434
173
536
755
434
784
852
215
850
987
241
650
441
853
265
937
551
514
831
247
449
817
564
195
390
902
926
548
886
649
250
298
376
390
549
42
672
831
339
699
170
987
54
453
105
247
277
587
462
934
723
285
837
304
278
466
211
857
537
400
139
693
379
653
970
585
482
300
682
26
493
315
241
949
214
942
376
489
716
922
293
354
488
677
846
850
76
924
609
227
360
472
64
505
848
305
357
650
877
611
317
380
455
476
944
539
112
618
253
214
836
944
85
486
190
410
976
983
726
203
18
615
406
133
934
667
461
113
852
290
5
775
782
744
12
505
71
432
274
937
675
688
723
137
519
545
525
821
697
64
88
790
848
56
931
504
154
55
158
354
265
93
584
448
892
862
274
304
986
812
972
702
471
929
210
647
533
951
839
930
61
920
194
449
112
55
387
743
231
974
558
528
25
506
434
182
32
952
268
550
1
821
936
543
974
403
723
223
328
213
728
191
56
371
783
267
203
702
494
392
350
235
911
468
226
877
806
284
50
792
202
842
423
465
967
555
228
114
685
673
938
997
92
596
63
745
287
262
759
289
231
246
762
128
566
346
92
233
95
818
191
132
794
494
753
217
721
185
178
983
537
336
643
132
373
393
626
278
839
989
230
475
965
468
207
162
422
133
485
13
723
632
105
587
219
549
612
981
755
553
541
227
882
164
850
925
52
955
997
63
236
601
174
82
560
106
453
566
262
17
144
420
773
682
588
560
594
12
417
690
391
75
127
837
327
446
151
605
558
807
37
77
361
905
274
855
739
2
23
815
440
682
256
678
185
304
893
577
194
750
472
779
899
475
63
390
479
307
910
627
143
557
347
806
33
314
678
236
358
659
135
493
288
19
800
776
404
349
443
231
906
753
190
133
691
127
684
581
823
308
110
158
168
970
308
314
184
615
550
503
159
778
316
972
417
4
747
847
871
984
553
959
373
261
365
131
109
852
462
214
107
26
525
669
547
297
566
248
609
487
135
116
899
368
239
17
135
620
983
800
180
279
941
140
383
563
255
107
628
669
944
380
319
863
184
107
808
843
889
636
21
168
425
946
311
603
364
769
206
416
52
91
307
832
456
554
55
379
742
368
223
64
359
197
346
808
250
724
708
735
31
917
830
387
175
456
539
846
832
754
889
15
948
342
262
497
82
522
864
379
960
167
636
799
38
977
338
26
354
211
870
202
682
461
180
921
162
195
881
700
389
968
843
285
139
645
699
491
361
23
546
804
475
398
699
584
340
587
164
150
532
741
47
911
503
907
601
685
296
90
637
630
950
649
444
546
108
378
318
9
351
925
62
655
727
674
731
161
793
510
817
740
988
246
710
120
873
473
994
93
630
117
733
39
114
723
199
635
690
784
525
409
37
325
357
598
497
998
724
941
909
9
942
325
855
314
971
611
608
95
468
502
249
94
220
952
749
370
209
410
362
211
464
179
669
542
170
63
934
249
791
303
808
558
110
295
681
868
848
338
720
788
531
922
316
397
205
972
511
290
516
518
170
406
205
390
602
532
531
380
444
976
782
34
938
64
609
440
588
573
26
267
625
210
563
568
94
189
506
172
541
79
422
965
313
923
962
903
872
83
656
469
985
28
685
745
768
937
258
555
778
195
251
411
271
543
943
145
223
53
391
329
395
367
1000
453
216
477
820
122
880
729
956
182
350
558
905
463
482
760
829
246
757
112
555
621
420
526
470
803
777
513
931
206
450
225
359
599
61
90
157
253
175
161
986
831
287
532
498
671
912
528
488
945
657
34
476
934
32
77
621
53
480
504
763
100
114
803
768
294
620
300
705
496
264
713
576
117
478
262
269
74
984
684
421
614
796
174
284
639
919
366
313
538
862
434
343
23
254
630
5
414
639
373
566
923
444
940
757
271
968
197
602
740
404
437
544
377
118
15
973
973
585
272
508
363
775
561
456
707
403
939
348
227
763
183
752
271
730
936
590
215
363
249
808
441
875
307
992
517
193
829
195
49
740
718
916
457
244
271
290
279
346
163
102
266
163
64
891
431
684
421
200
241
550
867
932
468
853
885
431
898
119
952
38
530
723
335
548
947
536
346
686
400
253
950
826
113
316
829
652
700
476
215
994
541
733
113
431
486
307
763
587
286
14
287
217
244
284
458
460
540
394
748
941
722
887
168
166
891
941
957
984
925
401
691
776
587
340
439
531
292
844
280
727
934
391
970
473
965
524
281
638
390
793
507
565
759
582
52
71
601
717
244
672
22
1000
814
76
400
647
994
954
403
652
224
968
579
961
176
163
43
792
925
994
57
777
816
395
870
468
988
70
453
841
834
962
132
17
298
497
4
97
100
978
341
739
591
959
873
316
636
754
16
441
810
567
749
258
38
75
882
937
10
837
725
220
876
712
562
548
478
109
822
361
737
34
190
674
403
447
69
456
253
543
369
516
767
266
834
83
980
260
119
257
956
204
984
336
594
964
935
927
787
934
438
393
169
445
710
986
450
828
613
369
871
902
844
598
819
212
565
697
119
442
211
978
282
274
329
716
291
613
734
507
800
611
71
311
63
656
184
997
150
316
882
786
191
849
703
997
287
316
936
740
111
357
755
463
336
891
972
935
763
827
196
597
508
94
454
626
354
985
606
185
488
708
778
175
790
401
228
365
221
1
399
46
933
463
573
810
547
18
431
625
618
599
682
208
825
886
296
349
645
604
941
486
219
868
487
619
732
877
68
52
402
259
753
576
643
65
68
264
877
678
20
585
205
799
487
931
897
69
261
128
158
305
975
824
633
322
271
742
93
375
226
284
799
657
728
575
563
559
439
913
142
918
862
30
960
475
253
638
100
321
981
279
286
345
165
824
313
524
239
430
1000
956
498
549
147
462
141
647
257
84
469
46
250
976
467
647
850
174
177
642
169
808
394
235
247
270
749
543
592
780
38
404
66
320
954
910
443
934
823
719
546
250
792
651
853
282
437
253
291
723
637
942
565
990
132
121
367
257
10
271
667
337
977
505
926
214
832
145
61
610
944
953
186
408
409
328
440
44
585
1
691
960
693
64
194
134
42
400
224
797
653
949
609
116
527
179
235
223
90
86
270
820
268
956
309
268
211
349
275
64
297
300
50
169
41
720
239
202
986
484
880
454
860
93
743
759
107
881
674
931
63
619
208
163
48
148
743
171
571
922
24
458
647
244
260
296
563
792
323
823
352
320
724
667
397
825
326
228
77
57
624
664
395
66
181
438
353
662
316
54
802
763
72
729
247
212
403
842
622
497
824
773
550
935
829
827
80
838
775
119
952
402
886
717
984
691
933
262
526
941
652
166
42
3
798
653
304
778
946
558
464
503
938
840
11
256
777
985
447
395
330
901
411
513
633
637
487
780
655
705
980
522
673
40
590
191
116
650
934
218
546
388
489
964
396
12
752
136
803
386
797
335
966
314
12
525
469
590
819
929
226
663
145
587
540
595
939
697
93
622
844
411
341
463
53
519
270
4
417
345
411
225
209
172
750
201
101
792
858
492
328
643
564
60
609
869
437
646
476
697
890
774
95
830
202
644
576
777
760
825
273
324
100
479
423
686
165
979
295
38
369
296
942
604
18
959
548
311
289
123
720
351
17
889
900
588
462
519
878
605
485
534
512
973
911
193
821
166
607
959
815
150
230
559
610
542
930
294
448
466
782
885
943
807
788
240
594
241
799
107
95
139
2
429
783
419
387
721
143
882
784
840
249
236
562
304
221
906
331
808
320
620
986
393
29
392
956
413
942
643
179
366
219
330
59
192
814
640
236
188
214
667
346
404
813
62
844
653
699
282
335
748
129
873
801
706
283
657
827
981
480
264
444
210
444
247
425
105
855
113
141
694
75
929
201
23
288
941
574
775
34
302
741
681
840
731
946
301
585
132
476
451
52
670
796
456
276
829
784
44
853
528
515
520
240
381
339
228
810
27
874
200
287
165
109
801
202
294
501
132
318
703
969
525
440
99
870
560
616
960
805
104
789
622
439
683
329
117
693
516
346
582
819
735
480
294
579
49
472
457
595
17
502
710
585
268
272
291
376
710
869
91
204
100
146
850
536
939
64
940
69
254
327
462
738
1
483
94
181
907
991
768
296
972
371
354
5
452
841
901
388
532
398
913
239
528
899
85
51
180
951
376
621
479
93
458
779
3
467
320
99
863
423
111
719
824
167
360
52
978
961
244
157
871
182
786
98
323
149
648
626
739
859
498
343
940
958
776
847
395
571
555
109
88
485
718
675
562
838
266
198
735
309
844
318
809
115
231
771
852
490
224
495
778
498
968
777
121
825
797
202
952
79
982
468
628
964
657
944
526
456
40
980
615
378
467
805
353
265
884
765
238
804
265
190
358
380
697
642
298
415
786
724
749
74
768
248
259
110
330
836
313
671
642
504
449
576
543
318
913
321
52
632
268
670
199
299
780
861
698
226
346
261
369
659
597
840
694
32
741
586
295
37
15
953
100
773
295
606
194
443
857
212
794
372
262
894
874
784
995
946
101
542
282
381
492
233
724
211
268
474
254
245
602
408
372
359
858
478
401
75
400
303
342
483
965
992
918
617
174
484
351
646
30
215
507
87
195
938
431
398
274
887
132
849
614
698
403
943
521
316
527
883
524
685
82
670
517
478
79
46
58
199
814
307
649
789
609
219
249
332
428
805
628
279
126
126
734
690
881
412
790
990
434
33
486
94
588
607
574
63
877
447
195
681
946
602
138
1
81
823
497
561
506
973
147
666
167
661
280
756
889
803
750
160
892
679
476
288
973
923
307
765
709
944
429
264
874
974
622
268
462
625
376
166
980
765
995
468
300
99
335
578
806
835
181
454
293
725
844
381
554
759
564
408
284
368
464
810
304
425
973
683
450
382
460
501
587
386
679
652
508
813
934
530
630
209
488
532
189
455
941
554
941
762
534
102
263
591
509
457
271
489
106
233
783
881
128
358
56
300
378
645
33
702
829
892
848
298
106
804
702
477
596
446
929
140
607
482
437
418
849
831
98
992
58
777
462
760
205
169
812
637
291
983
345
14
168
797
500
191
734
7
592
737
902
740
896
100
360
174
803
215
905
48
572
103
99
886
163
503
744
433
70
919
759
423
290
389
862
746
850
645
587
849
557
103
676
233
94
481
295
204
299
693
730
263
178
683
548
80
777
850
221
200
162
428
645
443
383
302
62
188
128
93
823
872
374
824
189
617
206
226
289
620
365
772
528
953
669
452
338
548
409
757
837
738
769
654
914
567
623
629
136
731
612
741
416
794
144
555
167
657
244
546
979
702
630
453
423
642
160
825
142
204
72
205
115
550
195
878
50
7
18
758
293
641
79
637
338
468
274
125
155
149
186
757
553
178
876
18
716
214
785
374
563
109
504
852
891
236
627
543
501
544
428
404
340
61
609
350
656
489
221
312
85
260
381
963
240
220
135
720
191
808
447
524
966
37
965
91
298
47
709
145
461
438
299
439
705
143
604
764
641
354
680
616
286
110
556
441
320
893
804
176
655
642
372
490
207
356
541
7
457
65
265
515
151
844
779
965
962
695
820
273
243
203
321
647
284
624
273
878
742
664
544
631
999
281
334
917
277
67
327
865
576
144
470
280
635
862
115
776
959
141
195
421
499
828
869
866
575
124
631
700
113
552
695
986
344
824
49
258
689
818
631
325
465
804
950
829
212
16
867
54
535
483
720
142
604
787
446
365
33
990
246
717
170
160
708
761
431
680
430
575
514
990
644
617
963
917
634
648
198
396
538
478
689
918
888
210
674
167
629
597
273
452
131
868
921
233
855
801
262
575
729
817
681
213
183
977
186
294
783
987
982
689
23
97
715
525
677
513
890
683
757
426
924
263
832
225
273
790
473
546
818
503
652
411
4
624
102
764
750
727
675
623
455
723
162
405
938
56
747
407
598
330
940
533
694
128
229
520
723
297
174
85
391
16
42
349
109
531
454
557
681
714
920
673
154
242
445
623
137
802
757
409
674
3
405
493
459
194
604
912
675
947
264
784
684
382
129
292
720
737
266
264
354
761
752
558
568
580
480
704
719
258
796
960
844
74
540
222
633
1
424
971
733
918
882
22
956
145
807
312
235
927
914
779
636
725
839
153
807
21
343
647
515
61
226
795
967
792
402
327
931
585
381
747
656
124
622
792
368
234
49
661
286
399
551
451
409
947
369
566
781
511
802
367
891
346
601
115
528
938
404
970
306
760
336
536
966
989
486
487
709
131
254
584
918
821
284
94
795
191
518
636
797
901
651
669
289
627
375
613
824
407
833
67
958
377
322
623
438
818
189
242
375
792
332
297
620
708
692
401
972
121
309
717
976
827
828
195
64
990
411
655
950
718
843
273
28
147
241
622
976
838
807
211
453
229
98
427
220
687
979
85
99
332
885
676
808
27
53
473
636
909
882
497
759
843
653
360
449
614
84
145
106
332
955
512
176
239
345
716
326
578
215
906
55
733
527
460
258
955
401
499
195
863
842
180
574
962
676
674
17
723
747
229
295
285
488
346
630
724
504
